A B C styrke
0 0 0   0.49
0 0 1   1.02
0 1 0   1.22
0 1 1   1.92
1 0 0   1.63
1 0 1   1.41
1 1 0   2.37
0 0 0   0.80
0 0 1   0.69
0 1 0   1.34
0 1 1   1.50
1 0 0   1.31
1 0 1   1.65
1 1 0   2.40
0 0 0   0.12
0 0 1   0.69
0 1 0   1.03
0 1 1   1.53
1 0 0   1.33
1 0 1   1.76
1 1 0   2.23
0 0 0   0.38
0 0 1   0.97
0 1 0   1.22
0 1 1   1.72
1 0 0   1.57
1 0 1   1.92
1 1 0   2.30
0 0 0   0.44
0 0 1   0.97
0 1 0   1.31
0 1 1   1.64
1 0 0   1.36
1 0 1   1.51
1 1 0   2.39
0 0 0   0.24
0 0 1   0.89
0 1 0   1.48
0 1 1   1.68
1 0 0   1.45
1 0 1   2.14
1 1 0   2.26
0 0 0   0.43
0 0 1   1.06
0 1 0   1.36
0 1 1   1.70
1 0 0   1.56
1 0 1   1.91
1 1 0   2.35
0 0 0   0.38
0 0 1   0.78
0 1 0   1.08
0 1 1   1.97
1 0 0   1.69
1 0 1   1.80
1 1 0   2.04
